-8.97e-01 1.22e+00
-1.67e+00 1.57e+00
-8.77e-01 1.84e+00
-1.64e+00 1.90e+00
-1.62e+00 1.24e+00
-1.26e+00 1.78e+00
-1.60e+00 1.65e+00
-1.68e+00 1.37e+00
-1.01e+00 1.30e+00
-1.47e+00 1.57e+00
-8.71e-01 1.29e+00
-1.63e+00 1.65e+00
-1.62e+00 1.38e+00
-1.53e+00 1.53e+00
-7.55e-01 1.30e+00
-8.61e-01 1.40e+00
-1.58e+00 1.75e+00
-1.48e+00 1.40e+00
-1.46e+00 1.39e+00
-1.80e+00 1.30e+00
-1.04e+00 1.34e+00
-1.09e+00 1.65e+00
-1.80e+00 1.26e+00
-1.52e+00 1.46e+00
-6.35e-01 1.49e+00
-8.06e-01 1.58e+00
-1.61e+00 1.34e+00
-9.68e-01 1.33e+00
-1.11e+00 1.46e+00
-1.07e+00 1.26e+00
-1.78e+00 1.50e+00
-1.63e+00 1.37e+00
-1.46e+00 1.49e+00
-9.60e-01 1.35e+00
-1.26e+00 1.27e+00
-1.59e+00 1.63e+00
-1.76e+00 1.97e+00
-1.40e+00 1.34e+00
-1.04e+00 1.44e+00
-1.73e+00 1.19e+00
-9.03e-01 1.44e+00
-8.60e-01 1.52e+00
-1.14e+00 1.15e+00
-1.85e+00 1.43e+00
-1.01e+00 1.39e+00
-1.29e+00 1.16e+00
-1.25e+00 1.71e+00
-1.43e+00 1.24e+00
-9.59e-01 1.57e+00
-1.21e+00 1.43e+00
-8.73e-01 1.51e+00
-1.23e+00 1.59e+00
-1.75e+00 1.58e+00
-7.10e-01 1.38e+00
-1.27e+00 1.34e+00
-9.77e-01 1.73e+00
-1.10e+00 1.67e+00
-1.18e+00 1.31e+00
-1.67e+00 1.16e+00
-1.85e+00 1.85e+00
-1.42e+00 1.13e+00
-1.72e+00 1.38e+00
-1.40e+00 1.54e+00
-7.76e-01 1.63e+00
-1.09e+00 1.33e+00
-9.32e-01 1.17e+00
-1.04e+00 1.69e+00
-1.72e+00 1.18e+00
-1.76e+00 1.83e+00
-8.79e-01 1.08e+00
-7.00e-01 1.42e+00
-1.68e+00 1.67e+00
-8.71e-01 1.36e+00
-1.47e+00 1.67e+00
-1.06e+00 1.58e+00
-1.50e+00 1.36e+00
-1.79e+00 1.34e+00
-6.47e-01 1.65e+00
-8.52e-01 1.55e+00
-1.22e+00 1.61e+00
-1.59e+00 1.56e+00
-7.10e-01 1.56e+00
-1.30e+00 1.53e+00
-1.46e+00 1.78e+00
-9.12e-01 1.60e+00
-7.72e-01 1.57e+00
-1.88e+00 1.53e+00
-1.80e+00 1.46e+00
-1.10e+00 1.62e+00
-6.90e-01 1.52e+00
-9.80e-01 1.34e+00
-9.28e-01 1.84e+00
-1.31e+00 1.22e+00
-1.32e+00 1.40e+00
-1.65e+00 1.86e+00
-1.04e+00 1.52e+00
-1.07e+00 1.64e+00
-1.62e+00 1.54e+00
-1.38e+00 1.40e+00
-1.62e+00 1.33e+00
-1.46e+00 1.20e+00
-9.84e-01 1.28e+00
-1.32e+00 1.28e+00
-1.11e+00 1.14e+00
-8.97e-01 1.59e+00
-1.35e+00 1.54e+00
-5.92e-01 1.10e+00
-1.44e+00 1.43e+00
-1.52e+00 1.76e+00
-1.64e+00 1.32e+00
-1.09e+00 1.74e+00
-1.18e+00 1.31e+00
-8.27e-01 1.50e+00
-1.19e+00 1.75e+00
-1.43e+00 1.37e+00
-1.11e+00 1.27e+00
-1.02e+00 1.43e+00
-8.51e-01 1.32e+00
-1.43e+00 1.37e+00
-1.69e+00 2.00e+00
-8.71e-01 1.38e+00
-1.46e+00 1.44e+00
-1.43e+00 1.74e+00
-1.68e+00 1.41e+00
-8.46e-01 1.73e+00
-1.81e+00 1.40e+00
-6.14e-01 1.31e+00
-1.87e+00 1.45e+00
-1.62e+00 1.64e+00
-1.46e+00 1.31e+00
-1.03e+00 1.41e+00
-9.01e-01 1.35e+00
-6.28e-01 1.40e+00
-1.41e+00 9.67e-01
-1.52e+00 1.38e+00
-1.50e+00 1.57e+00
-1.13e+00 1.52e+00
-1.86e+00 1.52e+00
-1.10e+00 1.84e+00
-7.62e-01 1.50e+00
-1.41e+00 1.69e+00
-1.89e+00 1.08e+00
-9.97e-01 1.12e+00
-7.92e-01 1.31e+00
-1.86e+00 1.24e+00
-7.09e-01 1.52e+00
-1.67e+00 1.25e+00
-1.38e+00 1.42e+00
-1.47e+00 1.42e+00
-1.62e+00 1.81e+00
-6.35e-01 1.56e+00
-1.52e+00 1.55e+00
-6.28e-01 1.29e+00
-1.27e+00 1.25e+00
-1.11e+00 1.33e+00
-1.11e+00 1.55e+00
-1.05e+00 1.12e+00
-6.75e-01 1.47e+00
-8.04e-01 1.22e+00
-1.58e+00 1.42e+00
-1.66e+00 1.33e+00
-1.70e+00 1.32e+00
-8.18e-01 1.41e+00
-8.43e-01 1.38e+00
-9.35e-01 1.81e+00
-1.37e+00 1.42e+00
-1.64e+00 1.35e+00
-1.48e+00 1.24e+00
-1.10e+00 1.36e+00
-9.04e-01 1.48e+00
-1.58e+00 9.30e-01
-1.79e+00 1.40e+00
-1.19e+00 1.42e+00
-1.69e+00 1.62e+00
-9.05e-01 1.40e+00
-1.84e+00 1.66e+00
-1.49e+00 1.19e+00
-6.79e-01 1.72e+00
-1.81e+00 1.49e+00
-1.10e+00 1.34e+00
-1.44e+00 8.36e-01
-1.88e+00 1.79e+00
-7.71e-01 1.29e+00
-9.36e-01 1.67e+00
-6.34e-01 1.71e+00
-9.76e-01 1.63e+00
-7.48e-01 1.44e+00
-1.16e+00 1.33e+00
-7.09e-01 1.97e+00
-1.19e+00 1.93e+00
-8.18e-01 1.76e+00
-1.02e+00 1.33e+00
-1.76e+00 1.19e+00
-8.73e-01 1.57e+00
-1.49e+00 1.39e+00
-1.83e+00 1.99e+00
-1.08e+00 1.18e+00
-1.83e+00 1.30e+00
-7.25e-01 1.57e+00
-1.50e+00 1.20e+00
-8.72e-01 1.64e+00
-6.38e-01 1.26e+00
-9.94e-01 1.82e+00
-7.85e-01 1.24e+00
-1.88e+00 1.59e+00
-8.62e-01 1.51e+00
-9.54e-01 1.51e+00
-1.24e+00 1.61e+00
-1.54e+00 1.57e+00
-1.74e+00 1.73e+00
-7.53e-01 1.58e+00
-1.84e+00 1.19e+00
-9.42e-01 1.54e+00
-1.20e+00 1.09e+00
-1.21e+00 1.66e+00
-1.46e+00 1.60e+00
-1.82e+00 1.68e+00
-1.02e+00 1.49e+00
-1.00e+00 1.55e+00
-1.86e+00 1.12e+00
-1.79e+00 1.63e+00
-6.30e-01 1.27e+00
-1.00e+00 1.28e+00
-7.86e-01 1.70e+00
-1.10e+00 1.37e+00
-9.55e-01 1.77e+00
-1.66e+00 1.23e+00
-1.00e+00 1.59e+00
-1.25e+00 1.28e+00
-1.31e+00 8.93e-01
-7.82e-01 1.55e+00
-1.57e+00 1.31e+00
-1.50e+00 1.50e+00
-8.39e-01 1.34e+00
-1.67e+00 1.45e+00
-1.65e+00 1.65e+00
-1.30e+00 1.30e+00
-1.20e+00 1.52e+00
-6.06e-01 1.77e+00
-1.32e+00 1.50e+00
-1.41e+00 1.23e+00
-1.61e+00 1.26e+00
-1.66e+00 1.44e+00
-1.24e+00 1.44e+00
-1.18e+00 1.77e+00
-9.42e-01 1.27e+00
-1.03e+00 1.38e+00
-1.22e+00 1.22e+00
-1.42e+00 1.81e+00
-1.78e+00 1.41e+00
-6.71e-01 1.46e+00
-1.84e+00 1.84e+00
-1.80e+00 1.58e+00
-7.03e-01 1.72e+00
-1.89e+00 1.61e+00
-6.52e-01 1.47e+00
-1.23e+00 1.21e+00
-7.59e-01 1.26e+00
-9.71e-01 1.89e+00
-1.21e+00 1.38e+00
-8.81e-01 1.62e+00
-1.21e+00 1.57e+00
-8.11e-01 1.32e+00
-1.73e+00 1.65e+00
-1.74e+00 1.20e+00
-1.77e+00 1.65e+00
-9.45e-01 1.45e+00
-1.70e+00 1.28e+00
-1.26e+00 1.30e+00
-1.26e+00 1.50e+00
-1.15e+00 1.49e+00
-1.19e+00 1.27e+00
-9.48e-01 1.47e+00
-1.12e+00 1.34e+00
-1.56e+00 1.45e+00
-1.88e+00 1.68e+00
-1.05e+00 1.33e+00
-1.42e+00 1.38e+00
-1.85e+00 1.17e+00
-1.58e+00 1.35e+00
-1.16e+00 1.90e+00
-6.37e-01 1.18e+00
-8.38e-01 1.46e+00
-1.36e+00 1.07e+00
-1.63e+00 1.50e+00
-1.02e+00 1.30e+00
-1.14e+00 1.66e+00
-1.89e+00 1.43e+00
-9.38e-01 1.64e+00
-1.27e+00 1.50e+00
-1.49e+00 2.00e+00
-8.68e-01 1.33e+00
-1.69e+00 1.55e+00
-1.04e+00 1.15e+00
-1.15e+00 1.16e+00
-1.15e+00 1.65e+00
-1.09e+00 1.32e+00
-9.96e-01 1.25e+00
-1.84e+00 1.78e+00
-1.78e+00 1.67e+00
-1.41e+00 1.78e+00
-1.12e+00 1.79e+00
-1.21e+00 1.48e+00
-1.70e+00 1.31e+00
-1.32e+00 1.31e+00
-1.20e+00 1.41e+00
-1.13e+00 1.52e+00
-1.39e+00 1.41e+00
-1.15e+00 1.52e+00
-1.80e+00 1.62e+00
-1.26e+00 1.13e+00
-1.25e+00 1.54e+00
-1.39e+00 1.38e+00
-1.43e+00 1.49e+00
-1.41e+00 1.70e+00
-1.64e+00 1.25e+00
-1.86e+00 1.42e+00
-1.48e+00 1.37e+00
-1.81e+00 1.33e+00
-1.49e+00 1.80e+00
-1.34e+00 1.37e+00
-1.27e+00 1.62e+00
-1.02e+00 1.35e+00
-7.39e-01 1.54e+00
-1.59e+00 1.58e+00
-1.24e+00 1.34e+00
-1.29e+00 1.56e+00
-1.62e+00 1.51e+00
-1.67e+00 1.41e+00
-7.06e-01 1.14e+00
-1.04e+00 1.44e+00
-1.11e+00 1.66e+00
-1.76e+00 1.60e+00
-1.85e+00 1.46e+00
-8.91e-01 2.02e+00
-9.04e-01 1.76e+00
-1.55e+00 1.40e+00
-1.19e+00 1.05e+00
-1.53e+00 1.48e+00
-1.24e+00 1.35e+00
-1.34e+00 1.69e+00
-8.48e-01 1.43e+00
-1.72e+00 1.74e+00
-1.51e+00 1.36e+00
-1.68e+00 1.68e+00
-1.39e+00 1.21e+00
-1.73e+00 1.55e+00
-9.48e-01 1.20e+00
-1.81e+00 1.40e+00
-1.75e+00 1.39e+00
-6.82e-01 1.65e+00
-1.77e+00 1.57e+00
-1.06e+00 1.79e+00
-1.79e+00 1.19e+00
-1.46e+00 1.88e+00
-1.11e+00 1.36e+00
-1.17e+00 1.15e+00
-1.25e+00 1.20e+00
-6.15e-01 1.12e+00
-1.05e+00 1.78e+00
-8.57e-01 1.09e+00
-6.07e-01 1.70e+00
-1.48e+00 1.59e+00
-9.36e-01 1.44e+00
-1.01e+00 1.42e+00
-1.28e+00 1.49e+00
-6.15e-01 1.82e+00
-8.75e-01 1.57e+00
-1.30e+00 1.82e+00
-1.71e+00 1.74e+00
-7.77e-01 1.27e+00
-9.17e-01 1.32e+00
-1.55e+00 1.31e+00
-1.12e+00 1.52e+00
-1.28e+00 1.46e+00
-1.75e+00 1.67e+00
-8.64e-01 1.76e+00
-1.74e+00 1.23e+00
-1.58e+00 1.22e+00
-7.04e-01 1.26e+00
-8.77e-01 1.42e+00
-7.43e-01 1.23e+00
-1.07e+00 1.21e+00
-9.94e-01 1.40e+00
-1.31e+00 1.63e+00
-1.34e+00 1.34e+00
-9.18e-01 1.38e+00
-1.27e+00 1.61e+00
-7.08e-01 1.75e+00
-1.67e+00 1.41e+00
-9.42e-01 1.34e+00
-7.70e-01 1.56e+00
-1.84e+00 1.30e+00
-1.20e+00 1.88e+00
-1.12e+00 1.40e+00
-1.39e+00 1.68e+00
-8.54e-01 1.55e+00
-1.01e+00 1.74e+00
-1.08e+00 1.58e+00
-1.39e+00 1.38e+00
-1.17e+00 1.49e+00
-6.58e-01 1.74e+00
-1.66e+00 1.63e+00
-6.49e-01 1.54e+00
-1.33e+00 1.48e+00
-1.74e+00 1.53e+00
-7.18e-01 1.67e+00
-1.01e+00 1.41e+00
-1.41e+00 1.27e+00
-1.85e+00 1.46e+00
-1.22e+00 1.29e+00
-1.79e+00 1.34e+00
-1.65e+00 1.20e+00
-1.21e+00 1.97e+00
-7.81e-01 2.08e+00
-7.68e-01 1.64e+00
-8.00e-01 1.39e+00
-1.20e+00 1.31e+00
-1.10e+00 1.44e+00
-9.06e-01 1.59e+00
-1.02e+00 1.13e+00
-9.71e-01 1.47e+00
-1.22e+00 1.39e+00
-1.09e+00 1.56e+00
-1.72e+00 1.48e+00
-1.49e+00 1.35e+00
-8.99e-01 1.45e+00
-1.05e+00 1.29e+00
-1.03e+00 1.62e+00
-1.11e+00 1.89e+00
-1.16e+00 1.26e+00
-1.60e+00 1.41e+00
-9.29e-01 1.14e+00
-1.89e+00 1.37e+00
-7.12e-01 1.68e+00
-7.14e-01 1.22e+00
-1.76e+00 1.53e+00
-1.88e+00 1.14e+00
-1.66e+00 1.55e+00
-1.13e+00 1.92e+00
-7.15e-01 1.95e+00
-8.97e-01 1.38e+00
-1.44e+00 1.82e+00
-1.39e+00 1.44e+00
-6.09e-01 1.69e+00
-1.76e+00 1.54e+00
-8.06e-01 1.42e+00
-8.96e-01 1.38e+00
-1.24e+00 1.08e+00
-1.86e+00 1.66e+00
-1.21e+00 1.50e+00
-1.67e+00 1.52e+00
-1.69e+00 1.32e+00
-7.55e-01 1.77e+00
-1.21e+00 1.36e+00
-7.67e-01 1.55e+00
-1.69e+00 1.56e+00
-1.68e+00 1.59e+00
-9.59e-01 1.32e+00
-6.05e-01 1.75e+00
-1.11e+00 1.31e+00
-1.81e+00 1.23e+00
-1.87e+00 1.53e+00
-1.61e+00 1.74e+00
-1.39e+00 1.64e+00
-1.71e+00 1.75e+00
-8.37e-01 1.36e+00
-8.20e-01 1.49e+00
-7.35e-01 1.79e+00
-1.15e+00 1.32e+00
-8.01e-01 1.38e+00
-1.84e+00 1.33e+00
-1.57e+00 1.24e+00
-1.11e+00 1.31e+00
-6.12e-01 1.82e+00
-1.09e+00 1.43e+00
-1.05e+00 1.49e+00
-1.24e+00 1.58e+00
-1.74e+00 1.54e+00
-1.58e+00 1.47e+00
-1.70e+00 1.38e+00
-1.87e+00 1.52e+00
-1.53e+00 1.52e+00
-9.82e-01 1.44e+00
-1.70e+00 1.41e+00
-7.02e-01 1.83e+00
-1.55e+00 1.62e+00
-1.53e+00 1.30e+00
-1.69e+00 1.66e+00
-1.35e+00 1.49e+00
-6.75e-01 1.32e+00
-1.86e+00 1.38e+00
-1.83e+00 1.58e+00
-1.15e+00 1.29e+00
-6.70e-01 1.32e+00
-1.14e+00 1.44e+00
-8.16e-01 1.33e+00
-6.63e-01 1.28e+00
-1.38e+00 1.51e+00
-1.58e+00 1.47e+00
-1.85e+00 1.52e+00
-1.71e+00 1.48e+00
-1.11e+00 1.39e+00
-7.86e-01 1.57e+00
-1.21e+00 1.32e+00
-1.35e+00 1.33e+00
-8.48e-01 1.50e+00
-1.87e+00 1.62e+00
-1.10e+00 1.36e+00
-6.00e-01 1.22e+00
-6.47e-01 1.64e+00
-1.20e+00 1.39e+00
-1.76e+00 1.42e+00
-8.60e-01 1.35e+00
-1.75e+00 1.44e+00
-1.88e+00 1.54e+00
-1.10e+00 1.33e+00
-1.23e+00 1.47e+00
-8.25e-01 1.35e+00
-1.31e+00 1.36e+00
-1.10e+00 1.23e+00
-8.48e-01 1.41e+00
-7.36e-01 1.61e+00
-1.10e+00 1.05e+00
-1.59e+00 1.84e+00
-9.75e-01 1.63e+00
-1.79e+00 1.87e+00
-7.86e-01 1.22e+00
-1.69e+00 1.57e+00
-1.22e+00 1.70e+00
-1.40e+00 1.50e+00
-1.65e+00 1.79e+00
-9.38e-01 1.72e+00
-9.64e-01 1.64e+00
-1.38e+00 1.46e+00
-1.81e+00 1.32e+00
-7.08e-01 1.61e+00
-1.85e+00 1.13e+00
-1.74e+00 1.49e+00
-1.05e+00 1.52e+00
-1.76e+00 1.45e+00
-1.68e+00 1.31e+00
-1.28e+00 1.59e+00
-1.86e+00 1.16e+00
-1.67e+00 1.77e+00
-1.77e+00 1.46e+00
-1.52e+00 1.43e+00
-1.12e+00 1.39e+00
-1.68e+00 1.45e+00
-6.99e-01 1.47e+00
-1.43e+00 1.21e+00
-1.33e+00 1.54e+00
-1.53e+00 1.04e+00
-1.34e+00 1.93e+00
-1.63e+00 1.72e+00
-1.72e+00 1.44e+00
-1.64e+00 1.54e+00
-1.14e+00 1.53e+00
-9.16e-01 1.39e+00
-7.37e-01 1.44e+00
-1.88e+00 1.44e+00
-1.19e+00 1.58e+00
-1.43e+00 1.73e+00
-1.11e+00 1.37e+00
-1.55e+00 1.70e+00
-7.99e-01 1.30e+00
-1.16e+00 1.30e+00
-7.34e-01 1.82e+00
-1.36e+00 1.64e+00
-1.23e+00 1.28e+00
-1.18e+00 1.40e+00
-1.43e+00 1.44e+00
-9.13e-01 1.41e+00
-1.71e+00 1.28e+00
-9.69e-01 1.35e+00
-1.03e+00 1.22e+00
-1.43e+00 1.34e+00
-1.52e+00 1.63e+00
-1.25e+00 1.42e+00
-1.37e+00 1.69e+00
-1.86e+00 1.43e+00
-1.24e+00 1.36e+00
-6.47e-01 1.67e+00
-1.26e+00 1.53e+00
-1.45e+00 1.68e+00
-1.19e+00 1.74e+00
-8.64e-01 1.50e+00
-5.96e-01 1.88e+00
-7.95e-01 1.39e+00
-1.49e+00 1.68e+00
-1.03e+00 1.22e+00
-6.32e-01 1.26e+00
-1.24e+00 1.56e+00
-8.60e-01 1.81e+00
-7.01e-01 1.92e+00
-1.45e+00 1.30e+00
-1.16e+00 1.30e+00
-1.43e+00 1.60e+00
-1.67e+00 1.64e+00
-1.19e+00 1.24e+00
-6.73e-01 1.23e+00
-1.86e+00 1.83e+00
-1.39e+00 1.42e+00
-6.00e-01 1.87e+00
-1.01e+00 1.21e+00
-1.61e+00 1.47e+00
-1.67e+00 1.31e+00
-7.57e-01 1.28e+00
-1.15e+00 1.62e+00
-8.36e-01 1.06e+00
-1.16e+00 1.32e+00
-1.40e+00 1.71e+00
-8.46e-01 1.66e+00
-1.43e+00 1.65e+00
-8.28e-01 1.69e+00
-1.09e+00 1.23e+00
-1.21e+00 1.73e+00
-1.69e+00 1.30e+00
-7.12e-01 1.54e+00
-1.79e+00 1.69e+00
-9.72e-01 1.30e+00
-8.90e-01 1.45e+00
-1.63e+00 1.86e+00
-6.07e-01 1.39e+00
-1.76e+00 1.97e+00
-1.47e+00 1.57e+00
-1.20e+00 1.58e+00
-1.27e+00 1.40e+00
-8.19e-01 1.73e+00
-1.18e+00 1.56e+00
-6.91e-01 1.37e+00
-8.12e-01 1.52e+00
-1.58e+00 1.36e+00
-6.80e-01 1.60e+00
-1.47e+00 1.47e+00
-1.56e+00 1.48e+00
-1.79e+00 1.52e+00
-1.57e+00 1.31e+00
-1.42e+00 1.58e+00
-1.17e+00 1.31e+00
-1.45e+00 1.50e+00
-6.76e-01 1.10e+00
-1.00e+00 1.51e+00
-6.14e-01 1.40e+00
-1.08e+00 1.76e+00
-1.17e+00 1.41e+00
-1.82e+00 2.00e+00
-8.18e-01 1.24e+00
-1.19e+00 1.46e+00
-1.42e+00 1.38e+00
-1.39e+00 1.57e+00
-1.29e+00 1.42e+00
-1.07e+00 1.27e+00
-9.54e-01 1.35e+00
-8.05e-01 1.39e+00
-1.25e+00 1.63e+00
-8.81e-01 1.53e+00
-1.29e+00 1.53e+00
-9.07e-01 1.41e+00
-8.71e-01 1.29e+00
-1.44e+00 1.45e+00
-1.23e+00 1.24e+00
-8.45e-01 1.43e+00
-1.21e+00 1.86e+00
-1.22e+00 1.74e+00
-1.08e+00 1.02e+00
-1.85e+00 1.31e+00
-1.35e+00 1.55e+00
-1.14e+00 1.86e+00
-1.66e+00 1.42e+00
-7.54e-01 1.52e+00
-1.20e+00 1.40e+00
-8.27e-01 1.66e+00
-5.99e-01 1.14e+00
-1.78e+00 1.26e+00
-1.71e+00 1.66e+00
-5.94e-01 1.50e+00
-1.75e+00 1.21e+00
-7.74e-01 1.01e+00
-1.15e+00 1.29e+00
-1.23e+00 1.43e+00
-1.43e+00 1.62e+00
-5.97e-01 1.36e+00
-1.62e+00 1.74e+00
-1.77e+00 1.57e+00
-1.18e+00 1.21e+00
-1.88e+00 1.69e+00
-1.06e+00 1.69e+00
-1.67e+00 1.70e+00
-1.51e+00 1.28e+00
-1.62e+00 1.04e+00
-7.24e-01 1.71e+00
-1.30e+00 1.31e+00
-1.63e+00 1.58e+00
-1.87e+00 1.66e+00
-1.03e+00 1.28e+00
-1.35e+00 1.51e+00
-1.18e+00 1.68e+00
-1.15e+00 1.52e+00
-8.54e-01 1.27e+00
-1.82e+00 1.27e+00
-8.69e-01 2.10e+00
-7.18e-01 1.23e+00
-7.71e-01 1.32e+00
-1.73e+00 1.45e+00
-8.94e-01 1.61e+00
-7.33e-01 1.31e+00
-1.52e+00 1.49e+00
-1.33e+00 1.41e+00
-6.28e-01 1.72e+00
-9.83e-01 1.00e+00
-1.78e+00 1.36e+00
-1.37e+00 1.30e+00
-1.33e+00 1.52e+00
-1.24e+00 1.66e+00
-1.11e+00 1.57e+00
-1.10e+00 1.22e+00
-1.04e+00 1.78e+00
-1.62e+00 1.57e+00
-1.19e+00 1.12e+00
-1.65e+00 1.39e+00
-1.35e+00 1.76e+00
-9.62e-01 1.41e+00
-1.40e+00 1.63e+00
-1.67e+00 1.46e+00
-6.04e-01 1.40e+00
-9.76e-01 1.32e+00
-9.48e-01 1.02e+00
-1.41e+00 1.44e+00
-6.55e-01 1.53e+00
-1.62e+00 1.21e+00
-1.67e+00 1.36e+00
-1.66e+00 1.31e+00
-7.74e-01 1.71e+00
-1.06e+00 1.58e+00
-1.65e+00 1.49e+00
-1.04e+00 1.12e+00
-1.29e+00 1.53e+00
-1.64e+00 1.65e+00
-1.81e+00 1.52e+00
-1.15e+00 1.34e+00
-1.48e+00 1.65e+00
-7.15e-01 1.15e+00
-8.35e-01 1.33e+00
-9.08e-01 1.36e+00
-9.12e-01 1.18e+00
-1.10e+00 1.42e+00
-1.09e+00 1.05e+00
-8.98e-01 1.10e+00
-1.33e+00 1.40e+00
-9.43e-01 1.49e+00
-8.34e-01 1.44e+00
-6.20e-01 1.72e+00
-1.10e+00 1.40e+00
-1.79e+00 1.43e+00
-1.87e+00 1.21e+00
-1.84e+00 1.27e+00
-1.29e+00 1.40e+00
-1.64e+00 1.52e+00
-1.72e+00 1.09e+00
-1.37e+00 1.35e+00
-1.01e+00 1.64e+00
-1.54e+00 1.20e+00
-9.16e-01 1.35e+00
-1.63e+00 1.02e+00
-8.65e-01 1.74e+00
-5.98e-01 1.45e+00
-1.03e+00 1.73e+00
-6.36e-01 1.26e+00
-1.81e+00 1.46e+00
-9.96e-01 1.46e+00
-1.87e+00 1.70e+00
-1.71e+00 1.38e+00
-9.39e-01 1.64e+00
-6.81e-01 1.41e+00
-1.42e+00 1.59e+00
-9.66e-01 1.50e+00
-6.89e-01 1.23e+00
-1.22e+00 1.65e+00
-7.83e-01 1.71e+00
-9.36e-01 1.50e+00
-1.26e+00 1.26e+00
-9.70e-01 1.12e+00
-1.84e+00 1.22e+00
-1.41e+00 1.68e+00
-9.29e-01 1.50e+00
-7.92e-01 1.29e+00
-1.27e+00 1.32e+00
-9.76e-01 1.44e+00
-1.12e+00 1.61e+00
-1.79e+00 1.29e+00
-8.83e-01 1.44e+00
-1.48e+00 1.58e+00
-1.55e+00 1.56e+00
-1.34e+00 1.32e+00
-1.72e+00 1.46e+00
-1.66e+00 1.49e+00
-9.24e-01 1.07e+00
-6.14e-01 1.36e+00
-7.42e-01 1.32e+00
-8.12e-01 1.42e+00
-6.96e-01 1.58e+00
-8.06e-01 1.40e+00
-1.34e+00 1.76e+00
-1.15e+00 1.40e+00
-1.82e+00 1.59e+00
-1.86e+00 1.15e+00
-1.50e+00 1.28e+00
-1.54e+00 1.69e+00
-1.35e+00 1.66e+00
-1.09e+00 1.48e+00
-6.78e-01 1.64e+00
-1.54e+00 1.06e+00
-1.65e+00 1.60e+00
-8.10e-01 1.43e+00
-1.03e+00 1.57e+00
-6.07e-01 1.78e+00
-1.40e+00 1.47e+00
-1.75e+00 1.42e+00
-9.84e-01 1.23e+00
-1.34e+00 1.80e+00
-9.02e-01 1.41e+00
-1.50e+00 1.40e+00
-1.71e+00 1.36e+00
-1.51e+00 1.71e+00
-1.53e+00 1.67e+00
-1.69e+00 1.56e+00
-1.59e+00 1.25e+00
-1.41e+00 1.52e+00
-1.25e+00 1.74e+00
-1.79e+00 1.42e+00
-8.34e-01 1.49e+00
-1.47e+00 1.64e+00
-7.42e-01 1.48e+00
-9.11e-01 1.30e+00
-1.50e+00 1.41e+00
-1.56e+00 1.41e+00
-1.71e+00 1.56e+00
-9.79e-01 1.20e+00
-1.87e+00 1.54e+00
-9.48e-01 1.27e+00
-1.59e+00 1.40e+00
-1.00e+00 1.68e+00
-7.30e-01 1.45e+00
-1.04e+00 1.44e+00
-1.61e+00 1.40e+00
-6.04e-01 1.61e+00
-1.79e+00 1.60e+00
-9.92e-01 1.42e+00
-1.62e+00 1.80e+00
-1.03e+00 1.11e+00
-7.11e-01 1.51e+00
-1.84e+00 1.40e+00
-6.22e-01 1.58e+00
-1.71e+00 1.39e+00
-6.63e-01 1.60e+00
-1.82e+00 1.46e+00
-8.89e-01 1.53e+00
-9.33e-01 2.14e+00
-1.59e+00 1.26e+00
-6.29e-01 1.69e+00
-1.37e+00 1.55e+00
-1.67e+00 1.39e+00
-1.31e+00 1.80e+00
-6.38e-01 1.90e+00
-7.29e-01 1.31e+00
-1.06e+00 1.30e+00
-9.43e-01 1.37e+00
-1.64e+00 1.17e+00
-1.16e+00 1.63e+00
-1.80e+00 1.61e+00
-1.36e+00 1.63e+00
-1.40e+00 1.63e+00
-7.41e-01 1.47e+00
-1.84e+00 1.35e+00
-1.09e+00 1.34e+00
-7.07e-01 1.37e+00
-1.04e+00 1.44e+00
-1.62e+00 1.57e+00
-1.06e+00 1.57e+00
-6.17e-01 1.31e+00
-1.04e+00 1.19e+00
-1.71e+00 1.21e+00
-6.98e-01 1.56e+00
-1.59e+00 1.51e+00
-1.68e+00 1.28e+00
-7.15e-01 1.31e+00
-1.67e+00 1.53e+00
-1.58e+00 1.89e+00
-7.28e-01 1.37e+00
-1.06e+00 1.95e+00
-1.41e+00 2.07e+00
-1.80e+00 1.54e+00
-8.42e-01 1.41e+00
-1.41e+00 1.40e+00
-1.15e+00 1.27e+00
-1.44e+00 1.63e+00
-9.59e-01 1.51e+00
-1.65e+00 1.49e+00
-1.84e+00 1.51e+00
-5.97e-01 1.31e+00
-1.68e+00 1.42e+00
-1.70e+00 1.14e+00
-1.21e+00 1.40e+00
-1.56e+00 1.36e+00
-1.26e+00 1.55e+00
-1.38e+00 1.66e+00
-6.05e-01 1.45e+00
-1.36e+00 1.63e+00
-1.34e+00 1.79e+00
-1.50e+00 1.16e+00
-9.05e-01 1.59e+00
-1.18e+00 1.71e+00
-1.23e+00 1.62e+00
-9.39e-01 1.99e+00
-1.88e+00 1.63e+00
-7.64e-01 1.48e+00
-7.42e-01 2.07e+00
-1.80e+00 1.45e+00
-1.75e+00 1.50e+00
-1.89e+00 1.51e+00
-1.38e+00 1.58e+00
-1.68e+00 1.51e+00
-1.85e+00 1.93e+00
-8.62e-01 1.52e+00
-1.79e+00 1.80e+00
-1.51e+00 1.41e+00
-6.30e-01 1.44e+00
-6.67e-01 1.53e+00
-1.50e+00 1.24e+00
-6.83e-01 1.97e+00
-9.86e-01 1.47e+00
-6.79e-01 9.35e-01
-9.02e-01 1.50e+00
-6.84e-01 1.91e+00
-1.15e+00 1.14e+00
-1.80e+00 1.49e+00
-1.32e+00 1.64e+00
-1.16e+00 1.45e+00
-1.67e+00 1.38e+00
-9.49e-01 1.53e+00
-7.40e-01 1.33e+00
-1.70e+00 1.14e+00
-1.88e+00 1.77e+00
-1.42e+00 1.37e+00
-6.40e-01 1.29e+00
-1.34e+00 1.42e+00
-1.36e+00 1.83e+00
-1.27e+00 1.62e+00
-1.82e+00 1.66e+00
-1.02e+00 1.28e+00
-1.49e+00 1.37e+00
-1.04e+00 1.71e+00
-1.54e+00 1.72e+00
-1.87e+00 1.58e+00
-1.85e+00 1.74e+00
-7.75e-01 1.55e+00
-8.35e-01 1.63e+00
-1.65e+00 1.66e+00
-1.39e+00 1.42e+00
-1.28e+00 1.19e+00
-1.83e+00 1.21e+00
-1.76e+00 1.68e+00
-9.63e-01 1.23e+00
-1.04e+00 1.48e+00
-1.25e+00 1.27e+00
-1.34e+00 1.72e+00
-1.30e+00 1.57e+00
-1.68e+00 1.94e+00
-1.06e+00 1.37e+00
-1.33e+00 1.34e+00
-8.57e-01 1.10e+00
-7.96e-01 1.72e+00
-7.59e-01 1.62e+00
-6.25e-01 1.22e+00
-1.25e+00 1.55e+00
-1.86e+00 1.37e+00
-7.70e-01 1.44e+00
-9.28e-01 1.48e+00
-1.06e+00 1.31e+00
-1.54e+00 1.86e+00
-1.20e+00 1.71e+00
-9.09e-01 1.58e+00
-1.59e+00 1.11e+00
-1.34e+00 9.70e-01
-6.40e-01 1.54e+00
-1.64e+00 2.00e+00
-1.73e+00 1.45e+00
-1.20e+00 1.79e+00
-1.01e+00 1.41e+00
-6.97e-01 1.31e+00
-1.52e+00 1.45e+00
-7.89e-01 1.33e+00
-1.22e+00 1.28e+00
-6.38e-01 1.27e+00
-8.35e-01 1.42e+00
-9.87e-01 1.65e+00
-8.24e-01 1.45e+00
-1.78e+00 1.51e+00
-1.33e+00 1.47e+00
