0.000000000000000000e+00
2.429754635482000830e-08
2.007870676068864661e-03
3.526121748738334470e-03
1.918197242151790114e-03
3.367607681905852423e-03
8.251949419366071912e-06
7.877508021697088365e-06
1.592395976385996628e-02
2.219570785239341204e-01
1.001879010883781840e+00
1.533885413985620616e+00
6.928062970993277281e-01
1.026668906056062425e-01
1.993514462222737205e+00
3.753901890083575665e+00
7.976212869809544692e-01
5.756084500851812447e-01
1.371202761008266657e+00
1.716855328480479059e+00
5.487729963546821299e-01
5.023441190720643323e-01
4.665263106973004392e-01
4.341662820122959565e-01
4.087564175161123581e-01
3.894473077524258642e-01
3.902859274948364265e-01
3.235436188289803283e+00
9.262201856844409775e+00
1.030678561904868040e+01
1.244949652832762155e+01
2.495351900191393923e+01
2.967790369902926528e+01
3.726096929218640241e+01
3.426554494882898183e+01
3.005950669137384779e+01
2.802938337473753450e+01
2.600604124815870222e+01
2.648771770587444152e+01
2.705426686345311182e+01
3.882595658638722114e+01
4.324129405087151667e+01
4.284799350364350090e+01
3.779050222559976646e+01
3.317799009561995405e+01
2.874951749904151654e+01
3.225660470973242155e+01
7.455995953623535399e+01
1.290290133974640980e+02
1.140057078208823924e+02
7.588629026957926271e+01
5.755713800407774272e+01
6.465763824864605169e+01
7.643352900449355047e+01
5.946493778926898699e+01
4.751448545617422781e+01
5.033229722168331222e+01
5.054400836201242697e+01
4.362051329744799233e+01
3.573350733851082595e+01
2.995014528927274000e+01
2.578471371436368287e+01
2.259855495955405402e+01
2.006035332629586776e+01
1.798623467769244755e+01
1.647425993048649318e+01
1.567163290963041433e+01
1.506614161337441438e+01
1.577246923222795338e+01
1.489471507811937911e+01
1.356610294284948104e+01
1.241912900957988519e+01
1.141837883784639729e+01
1.053753663242394900e+01
9.756522207074885600e+00
9.249719344667267862e+00
9.262921849837420396e+00
8.812042599039697777e+00
8.223595809079608188e+00
7.689628122723355830e+00
7.203612096381879049e+00
7.211521986030589026e+00
8.455921996262429019e+00
8.403606295714155294e+00
7.845563129177003603e+00
7.339805000402556345e+00
6.883092965057345580e+00
6.476801303060353732e+00
6.296675205294846478e+00
6.825086747065333803e+00
8.503502822008938367e+00
1.218718728780709348e+01
1.294810968281804264e+01
1.491060846346876900e+01
1.710763382841981795e+01
1.685281856374083631e+01
1.541673469438476474e+01
1.403278730086722881e+01
1.283698058211053805e+01
1.179755667431246735e+01
1.089068706777663209e+01
1.008634388652082592e+01
9.366619354072389214e+00
8.721592764154806332e+00
8.226255787840274891e+00
7.977029608420330042e+00
7.560805225060601487e+00
7.104741285071169976e+00
6.684433273043572932e+00
6.296565629633336769e+00
5.938193286676655802e+00
5.606725360913272560e+00
5.299857147820434378e+00
5.061616402220053601e+00
4.956339225397212722e+00
4.756370140491651632e+00
4.527836694018256836e+00
4.508370229438514620e+00
6.219493556529965161e+00
9.847677151536222695e+00
1.135143364342737371e+01
1.100276096897260381e+01
1.019650633118192573e+01
9.472922680556015607e+00
8.820943395232092143e+00
8.231380970238820538e+00
7.696488914787400937e+00
7.210008038850132195e+00
6.766972100855458194e+00
6.361552931063900296e+00
5.989354336852880323e+00
5.646893007538782427e+00
5.331130337921522688e+00
5.039406447733397520e+00
4.769385109224763220e+00
4.519007654197313428e+00
4.286454278240108273e+00
4.070385237740485884e+00
3.869954104477002499e+00
3.683016594754821238e+00
3.508258815923848140e+00
3.344897219755622597e+00
3.212444853107184528e+00
3.143296781558551523e+00
3.119979700391970479e+00
3.275730468050944033e+00
3.227883753231565844e+00
3.102112483152168920e+00
2.997686784838168972e+00
3.023350139744146681e+00
3.232085172821611341e+00
3.205580234586212995e+00
3.091924543984760465e+00
3.083063971588246410e+00
4.609636419960438936e+00
7.436463317663642769e+00
7.817806811319475635e+00
8.857566211016234092e+00
9.695186083516700748e+00
9.934286121039873407e+00
9.792483032376798846e+00
9.802840587549692231e+00
1.007311148495891295e+01
1.448579388581359417e+01
1.912297674481236598e+01
2.033750535332666942e+01
1.863434894307185274e+01
1.654802382465768673e+01
1.485732936707887930e+01
1.345238309210634320e+01
1.224068793357892382e+01
1.111889109121870867e+01
1.029052262232761272e+01
1.051698483009713136e+01
1.151932638539992304e+01
1.092058974662880644e+01
9.859548492922952434e+00
8.910615201428925047e+00
8.066951222575982072e+00
7.318988838010621834e+00
6.656461998564886073e+00
6.069418245162259140e+00
5.548680081463553293e+00
5.086014473356240906e+00
4.674152339870390804e+00
4.306735270400981364e+00
3.978231030685152714e+00
3.683851711397995832e+00
3.639841220193680726e+00
4.203746418222524817e+00
5.108060966894927724e+00
1.547299825198989964e+01
2.719923944575793229e+01
2.277370411666331051e+01
1.896292863343283130e+01
1.610313009504170978e+01
1.389082598678959535e+01
1.352258669882682973e+01
2.152300351153820657e+01
3.459738905727368774e+01
4.646188729312400056e+01
3.876440198855662089e+01
2.984417332502488307e+01
2.535281958325654017e+01
2.549116197730327116e+01
2.413357499930584282e+01
2.308059714414817520e+01
2.029438528511445483e+01
1.752336161005148796e+01
1.568639255402600519e+01
1.512962816352497875e+01
1.369294721535364090e+01
1.776150583705132391e+01
9.275811125184699790e+01
3.395219186801293745e+02
2.940608795198450025e+02
1.310088906352740139e+02
7.377063076200472835e+01
5.208796974290667947e+01
4.006865202367894341e+01
3.221294846150480851e+01
